0.999993 -0.00335252 -0.00145896 0.683856 0.00334875 0.999991 -0.00257563 -0.00131603 0.00146758 0.00257073 0.999996 0.0106979
0.99997 -0.00721732 -0.00295369 1.38556 0.00721318 0.999973 -0.00140957 0.0106507 0.00296378 0.00138823 0.999995 0.0158587
0.999926 -0.0113306 -0.00435303 2.10641 0.0113258 0.999935 -0.00110665 0.0181288 0.00436528 0.00105727 0.99999 0.0194029
0.999859 -0.0160148 -0.00499939 2.84856 0.0160175 0.999872 0.00051048 0.0418937 0.00499057 -0.000590486 0.999987 0.0221195
0.999667 -0.0251344 -0.00591444 4.34861 0.0251389 0.999684 0.000687059 0.0907168 0.0058953 -0.000835512 0.999982 0.0407057
0.999532 -0.0298983 -0.00653217 5.12874 0.0299237 0.999545 0.00381391 0.118082 0.00641516 -0.00400759 0.999971 0.0528701
0.999396 -0.0342955 -0.00561708 5.92393 0.0343282 0.999394 0.00584556 0.154403 0.00541319 -0.00603486 0.999967 0.0553247
0.999244 -0.0387663 -0.00306071 6.73077 0.0387842 0.999229 0.00604665 0.192885 0.00282395 -0.00616078 0.999977 0.0663475
0.999096 -0.0424999 -0.000734717 7.54441 0.0425028 0.999086 0.00456469 0.224716 0.000540046 -0.00459179 0.999989 0.075616
0.998983 -0.0450862 -0.000692672 8.35472 0.045089 0.998972 0.00475373 0.268434 0.000477632 -0.00478013 0.999988 0.0846683
0.998885 -0.0471894 -0.00135096 9.17978 0.047195 0.998876 0.00442163 0.315867 0.00114079 -0.00448046 0.999989 0.0838127
0.998798 -0.049002 -0.00144216 10.0101 0.0490055 0.998795 0.00253737 0.351765 0.00131609 -0.00260499 0.999996 0.0972573
0.998693 -0.0511039 -0.000727416 10.8525 0.0511057 0.99869 0.00263932 0.39899 0.000591583 -0.00267305 0.999996 0.099268
0.99863 -0.0523244 -0.000745437 11.7148 0.0523244 0.99863 -2.46407e-05 0.442721 0.000745705 -1.43976e-05 1 0.106914
0.998445 -0.0555033 -0.00523678 13.45 0.0555135 0.998456 0.00182684 0.554604 0.0051273 -0.00211472 0.999985 0.120444
0.99834 -0.0572084 -0.00671501 14.3216 0.0572467 0.998344 0.00566725 0.617481 0.00637967 -0.00604225 0.999961 0.130745
0.99827 -0.0583955 -0.00685687 15.2094 0.0584484 0.99826 0.00779069 0.67159 0.00639 -0.00817798 0.999946 0.136466
0.998195 -0.059827 -0.0053199 16.1268 0.059867 0.998177 0.00769664 0.727879 0.00484973 -0.00800123 0.999956 0.144112
0.998115 -0.0612368 -0.00408131 17.0179 0.0612667 0.998092 0.0076342 0.784319 0.00360603 -0.00786986 0.999963 0.157451
0.998051 -0.0623011 -0.00349515 17.9271 0.0623251 0.99803 0.00725832 0.846162 0.00303606 -0.00746201 0.999968 0.172369
0.997955 -0.0637807 -0.00422058 18.8383 0.0638062 0.997943 0.00622064 0.916256 0.00381514 -0.00647722 0.999972 0.176807
0.99788 -0.0649045 -0.00469437 19.7527 0.064932 0.997872 0.00597277 0.972902 0.00429672 -0.00626493 0.999971 0.186583
0.99784 -0.0656246 -0.00311178 20.6738 0.0656446 0.99782 0.00684581 1.03026 0.00265574 -0.00703529 0.999972 0.198082
0.997839 -0.0657129 0.00014294 21.6021 0.065709 0.997798 0.00898082 1.10376 -0.000732781 -0.00895202 0.99996 0.205975
0.997948 -0.0636436 0.00696164 23.4788 0.0635812 0.997937 0.00884999 1.22879 -0.00751053 -0.00838921 0.999937 0.207739
0.998047 -0.0619381 0.00807972 24.4276 0.0618922 0.998066 0.00581945 1.29336 -0.00842453 -0.00530802 0.99995 0.205413
0.998162 -0.0603301 0.0057234 25.3698 0.0603046 0.99817 0.00452587 1.36038 -0.00598597 -0.00417241 0.999973 0.206006
0.998245 -0.0591995 0.00160917 26.3289 0.0591921 0.998237 0.0043115 1.42848 -0.00186157 -0.00420868 0.999989 0.212066
0.99832 -0.0579242 -0.00160713 27.2836 0.057932 0.998306 0.00539652 1.48486 0.00129182 -0.00548056 0.999984 0.21607
0.998365 -0.0571542 -0.00113215 28.2621 0.0571608 0.99834 0.00700552 1.54237 0.000729872 -0.00705878 0.999975 0.230408
0.998379 -0.0568176 0.00320559 29.2382 0.0567945 0.998362 0.00688224 1.60526 -0.00359137 -0.00668903 0.999971 0.2325
0.998309 -0.0576914 0.00718723 30.2217 0.0576769 0.998333 0.00220393 1.66213 -0.0073024 -0.00178566 0.999972 0.230983
0.998245 -0.0587324 0.00762709 31.1983 0.058793 0.998238 -0.00797804 1.70665 -0.00714509 0.00841245 0.999939 0.233292
0.998176 -0.060179 0.00471709 32.1748 0.0602279 0.998124 -0.0110208 1.76244 -0.00404502 0.0112848 0.999928 0.238518
0.998084 -0.0618599 0.00123314 33.1563 0.0618695 0.998028 -0.0105517 1.82581 -0.000577986 0.0106078 0.999944 0.250763
0.997975 -0.0636115 -0.000125274 34.1465 0.063609 0.997949 -0.00719402 1.895 0.000582639 0.00717148 0.999974 0.248801
0.99792 -0.0644521 0.000820929 35.1497 0.0644558 0.997904 -0.00579038 1.96004 -0.000446006 0.00583125 0.999983 0.264338
0.997828 -0.065789 0.00335932 36.1534 0.0658001 0.997827 -0.0032971 2.03571 -0.00313511 0.00351098 0.999989 0.267697
0.997751 -0.0668574 0.00489775 37.1433 0.0668635 0.997762 -0.00107604 2.11303 -0.00481485 0.0014011 0.999987 0.274776
0.997675 -0.0677681 0.00720686 38.1476 0.0677776 0.9977 -0.00108747 2.18817 -0.00711658 0.00157341 0.999973 0.27217
0.99764 -0.0678932 0.0102194 39.1514 0.0678976 0.997692 -9.02145e-05 2.2502 -0.0101897 0.000783876 0.999948 0.284179
0.997564 -0.0685927 0.012655 40.1599 0.0685662 0.997643 0.00252196 2.33715 -0.0127981 -0.00164811 0.999917 0.277622
0.997572 -0.0685122 0.0125147 41.1529 0.0684797 0.997648 0.00300104 2.40751 -0.0126909 -0.00213675 0.999917 0.272875
0.997587 -0.0684668 0.0115248 42.1409 0.0684592 0.997653 0.00104796 2.47856 -0.0115695 -0.000256458 0.999933 0.272128
0.99762 -0.0683331 0.0091929 43.1367 0.068298 0.997657 0.00408453 2.55523 -0.00945046 -0.00344695 0.999949 0.274775
0.997554 -0.0693643 0.00864504 44.1361 0.0693114 0.997575 0.00627284 2.63052 -0.00905919 -0.0056583 0.999943 0.277524
0.997451 -0.0706401 0.010034 45.1329 0.0706161 0.9975 0.00272479 2.69929 -0.0102014 -0.00200928 0.999946 0.272133
0.997383 -0.0714778 0.0109122 46.1184 0.0714416 0.997438 0.00367552 2.77151 -0.011147 -0.00288631 0.999934 0.26969
0.997384 -0.0717196 0.00905895 47.1032 0.0716968 0.997423 0.00282006 2.84647 -0.00923785 -0.00216319 0.999955 0.283368
0.99736 -0.0724901 0.00433565 48.0701 0.0724668 0.997357 0.00530856 2.92799 -0.00470901 -0.00498035 0.999977 0.278438
0.997337 -0.0728833 0.00270387 49.0439 0.0728646 0.997321 0.00647791 3.00595 -0.00316876 -0.00626364 0.999975 0.287602
0.997299 -0.0732669 0.00511447 50.0205 0.0732299 0.99729 0.0070888 3.07726 -0.00561998 -0.00669512 0.999962 0.280774
0.997274 -0.0732547 0.00886367 50.9946 0.0732245 0.997309 0.00368395 3.15015 -0.00910968 -0.00302487 0.999954 0.292083
0.997242 -0.0735677 0.0098074 51.9521 0.0735345 0.997286 0.00370543 3.22251 -0.0100534 -0.00297403 0.999945 0.29293
0.997237 -0.0736828 0.00949005 52.9158 0.0736885 0.997281 -0.000249182 3.29458 -0.00944589 0.000947801 0.999955 0.297735
0.997217 -0.0740642 0.00858407 53.8822 0.0740951 0.997246 -0.00334268 3.36156 -0.00831285 0.00396942 0.999958 0.308955
0.997138 -0.0750227 0.00939049 54.8334 0.0750617 0.997171 -0.00387844 3.43861 -0.00907295 0.00457221 0.999948 0.305931
0.997037 -0.0758094 0.013013 55.7879 0.0758874 0.997101 -0.00560793 3.50726 -0.0125502 0.00657885 0.9999 0.300488
0.996888 -0.0766424 0.0184233 56.7611 0.0768033 0.997013 -0.00818704 3.57088 -0.0177408 0.00957653 0.999797 0.308355
0.996782 -0.0773535 0.0210443 57.7115 0.0775287 0.996961 -0.00763639 3.65164 -0.0203897 0.00924335 0.999749 0.297833
0.996737 -0.0785552 0.0185754 58.6524 0.0787213 0.996861 -0.0083836 3.7372 -0.0178585 0.00981852 0.999792 0.295405
0.996723 -0.0800055 0.0119368 59.5819 0.0800949 0.996761 -0.00719963 3.81599 -0.0113222 0.00813211 0.999903 0.296363
0.996709 -0.0808245 0.00620231 60.4985 0.0808518 0.996717 -0.00428575 3.89195 -0.00583555 0.00477311 0.999972 0.301863
0.996636 -0.0817599 0.00560744 61.414 0.0817499 0.996651 0.00199387 3.98412 -0.00575168 -0.00152875 0.999982 0.295491
0.996564 -0.0824842 0.00756819 62.3137 0.0824446 0.996581 0.00540518 4.06644 -0.00798815 -0.00476265 0.999957 0.299906
0.996354 -0.0848322 0.00901528 64.0685 0.084776 0.996379 0.00644766 4.22629 -0.00952961 -0.00565988 0.999939 0.309122
0.996225 -0.0862851 0.00957195 64.9162 0.0862115 0.996246 0.00784937 4.30732 -0.0102133 -0.00699453 0.999923 0.310324
0.996101 -0.087633 0.0101333 65.7659 0.0875474 0.996123 0.00861082 4.38788 -0.0108486 -0.00769011 0.999912 0.31745
0.995964 -0.0891326 0.0105519 66.5928 0.089043 0.99599 0.00867668 4.46543 -0.011283 -0.00770209 0.999907 0.3223
0.995842 -0.0903621 0.0115646 67.4099 0.0902558 0.995874 0.00941195 4.54348 -0.0123673 -0.00832904 0.999889 0.325231
0.995691 -0.0916957 0.0137978 68.215 0.0915251 0.995724 0.0125279 4.62285 -0.0148876 -0.0112111 0.999826 0.328501
0.99552 -0.0929759 0.0172131 69.009 0.0927232 0.99558 0.0149433 4.70134 -0.0185264 -0.0132803 0.99974 0.319505
0.99532 -0.0946564 0.0194271 69.7885 0.0943674 0.99542 0.0152907 4.78224 -0.0207855 -0.0133859 0.999694 0.31668
0.995235 -0.0960651 0.0167086 70.5447 0.0958124 0.995281 0.0153231 4.8647 -0.0181017 -0.0136492 0.999743 0.33124
0.995219 -0.0971906 0.00965927 71.2685 0.0970397 0.995167 0.0150297 4.9403 -0.0110733 -0.0140205 0.99984 0.327034
0.99513 -0.0985032 0.00373815 71.9821 0.0984388 0.995035 0.0146581 5.01708 -0.00516346 -0.0142187 0.999886 0.332034
0.995097 -0.0988866 0.00167974 72.6738 0.0988407 0.99494 0.0180032 5.08952 -0.00345152 -0.0177489 0.999837 0.331111
0.99501 -0.0996914 0.00420461 73.3632 0.0995808 0.994803 0.0212477 5.16807 -0.00630096 -0.0207229 0.999765 0.33272
0.994867 -0.100969 0.0066726 74.0143 0.100823 0.994714 0.0194556 5.24492 -0.00860174 -0.018683 0.999788 0.336969
0.994793 -0.101809 0.00463943 74.6498 0.101722 0.994681 0.016227 5.30301 -0.00626682 -0.0156706 0.999858 0.346714
0.994814 -0.101715 0.000509257 75.2704 0.101705 0.994771 0.00933923 5.35666 -0.00145653 -0.009239 0.999956 0.357648
0.994913 -0.100666 -0.00368247 75.8621 0.100683 0.994906 0.0049881 5.41867 0.00316158 -0.00533349 0.999981 0.367444
0.995196 -0.0977977 -0.00445799 76.4493 0.0978297 0.995174 0.00763797 5.48245 0.0036895 -0.0080374 0.999961 0.376146
0.995594 -0.0937338 -0.00255305 77.0184 0.0937585 0.995517 0.0124698 5.55094 0.00137276 -0.0126543 0.999919 0.374453
0.996012 -0.0892129 0.000488937 77.5741 0.0892013 0.995947 0.0115331 5.59814 -0.00151586 -0.0114435 0.999933 0.378006
0.996492 -0.083534 0.00501969 78.1113 0.0834866 0.996468 0.00902261 5.63902 -0.00575566 -0.00857189 0.999947 0.384357
0.99709 -0.0757033 0.00900098 78.6344 0.0756638 0.997123 0.00464923 5.6698 -0.00932705 -0.00395465 0.999949 0.398021
0.997809 -0.0654529 0.00959989 79.1538 0.0653899 0.997837 0.00673844 5.70366 -0.0100202 -0.00609594 0.999931 0.41484
0.99866 -0.0509098 0.00934427 79.6523 0.0508046 0.998646 0.0111678 5.73481 -0.00990017 -0.0106781 0.999894 0.41828
0.999409 -0.0329496 0.00982328 80.134 0.0327887 0.999332 0.0161103 5.75178 -0.0103476 -0.0157787 0.999822 0.414701
0.999877 -0.0114243 0.0107798 80.606 0.011257 0.999817 0.0154509 5.74354 -0.0109543 -0.0153277 0.999822 0.408187
0.99982 0.0144641 0.0123007 81.0596 -0.0146193 0.999813 0.0126202 5.72361 -0.0121159 -0.0127978 0.999845 0.413291
0.998936 0.043821 0.0143595 81.4999 -0.043988 0.998966 0.0115272 5.69079 -0.0138395 -0.0121466 0.99983 0.423236
0.996945 0.0763352 0.0165369 81.9416 -0.0765235 0.997006 0.0110686 5.64195 -0.0156424 -0.0123002 0.999802 0.42794
0.987814 0.154508 0.0187579 82.7804 -0.154726 0.987898 0.0107958 5.50918 -0.0168628 -0.0135666 0.999766 0.423862
0.979768 0.199216 0.0191815 83.1803 -0.199444 0.97985 0.0107475 5.41916 -0.0166539 -0.0143556 0.999758 0.423789
0.968576 0.248037 0.0184031 83.5643 -0.248279 0.96861 0.0122997 5.3169 -0.0147747 -0.0164823 0.999755 0.422712
0.953682 0.300331 0.0170692 83.9419 -0.300563 0.953671 0.0131838 5.19081 -0.0123189 -0.0177036 0.999767 0.423705
0.911158 0.411768 0.0154158 84.6544 -0.411969 0.911097 0.0135315 4.86625 -0.00847343 -0.0186802 0.99979 0.422262
0.883099 0.468958 0.0146235 84.9785 -0.469142 0.883013 0.0138921 4.66695 -0.00639799 -0.0191286 0.999797 0.409303
0.85079 0.525344 0.0130413 85.2896 -0.525486 0.850711 0.0124535 4.43802 -0.004552 -0.0174483 0.999837 0.417238
0.814976 0.579352 0.0128479 85.582 -0.579484 0.814897 0.0118814 4.19016 -0.00358622 -0.0171282 0.999847 0.424552
0.734369 0.678534 0.0171216 86.1284 -0.678723 0.734332 0.00955787 3.65901 -0.00608763 -0.0186399 0.999808 0.440349
0.690146 0.723463 0.0173174 86.3824 -0.723647 0.690119 0.00841652 3.36531 -0.00586205 -0.0183403 0.999815 0.432466
0.644447 0.764511 0.0145287 86.6068 -0.764637 0.644427 0.00666653 3.05506 -0.00426602 -0.0154054 0.999872 0.427449
0.598351 0.801157 0.0111286 86.8183 -0.801226 0.59835 0.00381151 2.72564 -0.0036052 -0.0111972 0.999931 0.440396
0.552263 0.833577 0.0123932 87.0133 -0.833664 0.552255 0.00443638 2.404 -0.00314613 -0.0127818 0.999913 0.460556
0.460296 0.887633 0.015366 87.366 -0.887766 0.460219 0.00840896 1.72876 0.00039232 -0.017512 0.999847 0.462328
0.417775 0.908502 0.00935462 87.5134 -0.908547 0.417723 0.00702612 1.38229 0.00247561 -0.0114344 0.999932 0.426949
0.377375 0.926059 -0.00156602 87.6289 -0.92606 0.377376 -0.000107396 1.01215 0.000491523 0.00149076 0.999999 0.433695
0.341302 0.939938 -0.00534674 87.7484 -0.939949 0.341276 -0.0052072 0.649477 -0.00306973 0.00680289 0.999972 0.462466
0.276585 0.960978 0.00469143 87.9906 -0.960987 0.27657 0.00365682 -0.0888991 0.00221662 -0.00551982 0.999982 0.505661
0.247829 0.96876 0.00916015 88.0969 -0.968783 0.247751 0.00885879 -0.466858 0.00631261 -0.0110697 0.999919 0.498014
0.222031 0.975006 0.00814964 88.1803 -0.975001 0.221941 0.0107076 -0.860584 0.00863121 -0.0103233 0.999909 0.491835
0.198098 0.980181 0.00119915 88.2483 -0.980119 0.198072 0.0116111 -1.26645 0.0111434 -0.00347544 0.999932 0.485658
0.157239 0.987513 -0.00966622 88.3626 -0.987257 0.157426 0.0232722 -2.09439 0.0245033 0.00588375 0.999682 0.49911
0.13929 0.990237 -0.00542672 88.4314 -0.989929 0.139382 0.0247569 -2.54318 0.0252716 0.00192368 0.999679 0.510611
0.109477 0.993988 -0.0017632 88.5501 -0.993831 0.109492 0.0176396 -3.47193 0.0177265 -0.000178813 0.999843 0.53507
0.0964621 0.99533 -0.00371646 88.5877 -0.995215 0.096508 0.0152515 -3.95376 0.0155389 0.00222749 0.999877 0.540007
0.0847548 0.996373 -0.00753679 88.6191 -0.996293 0.0848548 0.0141376 -4.45257 0.0147259 0.00631062 0.999872 0.550033
0.0746811 0.997149 -0.0107668 88.6508 -0.997091 0.0748332 0.0144875 -4.97266 0.0152519 0.00965356 0.999837 0.564446
0.0668455 0.997678 -0.0130735 88.6814 -0.997641 0.0670369 0.0148004 -5.50232 0.0156424 0.0120534 0.999805 0.576967
0.061083 0.998032 -0.0141696 88.7133 -0.998005 0.061296 0.0151196 -6.04426 0.0159584 0.0132177 0.999785 0.584363
0.0554952 0.998345 -0.0151084 88.7455 -0.998318 0.0557351 0.0159447 -6.60696 0.0167604 0.0141982 0.999759 0.596205
0.0494301 0.998651 -0.0159217 88.7686 -0.998628 0.0496923 0.016511 -7.18955 0.0172799 0.0150838 0.999737 0.605595
0.0449447 0.998832 -0.0177372 88.8001 -0.998836 0.0452417 0.0167117 -7.79802 0.0174946 0.0169654 0.999703 0.613766
0.0421038 0.99895 -0.0180547 88.8239 -0.998964 0.0424032 0.0165355 -8.41773 0.0172837 0.0173398 0.9997 0.629304
0.0391351 0.999054 -0.0189697 88.8559 -0.999093 0.0394417 0.0160688 -9.05765 0.0168018 0.0183237 0.999691 0.643314
0.0367244 0.999117 -0.0204216 88.8723 -0.99919 0.0370478 0.0156846 -9.71356 0.0164274 0.0198291 0.999668 0.646892
0.0356114 0.999078 -0.0239838 88.895 -0.999236 0.0359839 0.0152793 -10.3917 0.0161283 0.0234214 0.999596 0.662751
0.0366821 0.998953 -0.0273262 88.9136 -0.999202 0.0370964 0.0148131 -11.0967 0.0158113 0.026761 0.999517 0.675909
0.0392308 0.998799 -0.0293501 88.9389 -0.999106 0.0396717 0.0145913 -11.8047 0.0157382 0.0287514 0.999463 0.692558
0.0428483 0.998615 -0.0305284 88.9599 -0.998954 0.0433112 0.0146636 -12.5284 0.0159655 0.0298682 0.999426 0.704016
0.0471898 0.998385 -0.0316416 88.9969 -0.998762 0.0476601 0.0142762 -13.269 0.0157612 0.0309287 0.999397 0.71723
0.0508938 0.998148 -0.0333214 89.0331 -0.9986 0.0513408 0.0126992 -14.0434 0.0143865 0.0326284 0.999364 0.72924
0.0549963 0.997947 -0.032829 89.086 -0.998402 0.0553906 0.0112253 -14.8206 0.0130207 0.0321592 0.999398 0.746772
0.0593073 0.997789 -0.0299878 89.1443 -0.998177 0.0596123 0.00938004 -15.6138 0.0111469 0.0293768 0.999506 0.75595
0.0633801 0.997563 -0.0291784 89.1872 -0.99794 0.0636419 0.00813344 -16.4041 0.00997059 0.0286028 0.999541 0.771785
0.0674382 0.997333 -0.0279172 89.2455 -0.997668 0.0677027 0.00863759 -17.2075 0.0105046 0.0272696 0.999573 0.788714
0.0707712 0.99716 -0.0257638 89.3074 -0.997392 0.0711071 0.0123629 -18.0158 0.0141598 0.0248217 0.999592 0.810514
0.0722716 0.997108 -0.0235049 89.38 -0.997199 0.0726928 0.0175838 -18.8304 0.0192416 0.0221683 0.999569 0.825667
0.0723071 0.997203 -0.0189336 89.4532 -0.997144 0.0726919 0.0204908 -19.6435 0.0218098 0.0173979 0.999611 0.845814
0.0727184 0.997231 -0.0155965 89.5295 -0.99712 0.0730302 0.0204531 -20.4705 0.0215355 0.0140642 0.999669 0.863047
0.0729484 0.997249 -0.0131426 89.5982 -0.997137 0.0731904 0.0189829 -21.2903 0.0198926 0.0117202 0.999733 0.889939
0.0727245 0.997254 -0.0139836 89.6639 -0.997184 0.0729627 0.0173586 -22.109 0.0183313 0.0126818 0.999752 0.910782
0.0729843 0.997258 -0.0122447 89.7295 -0.997177 0.0731847 0.0168072 -22.9264 0.0176572 0.0109835 0.999784 0.933781
0.0732678 0.997261 -0.0101024 89.795 -0.997159 0.0734304 0.0167912 -23.7506 0.0174871 0.00884346 0.999808 0.957349
0.0733153 0.997273 -0.00848179 89.859 -0.997149 0.0734533 0.0172995 -24.5751 0.0178754 0.00718929 0.999814 0.981674
0.072359 0.997371 -0.00395678 89.9315 -0.997205 0.0724198 0.0183733 -25.3845 0.0186115 0.00261626 0.999823 1.0083
0.0695932 0.997574 -0.00146924 89.9995 -0.997408 0.0696084 0.0182131 -26.2001 0.0182712 0.000197928 0.999833 1.03628
0.066317 0.997797 0.00195427 90.0637 -0.997657 0.0662744 0.0169887 -27.0165 0.0168218 -0.00307633 0.999854 1.05285
0.0614065 0.998103 0.00436351 90.1264 -0.998013 0.0613379 0.0144212 -27.831 0.0141262 -0.00524039 0.999887 1.07884
0.055633 0.99843 0.00644217 90.1842 -0.998375 0.0555478 0.0127233 -28.6464 0.0123454 -0.00713953 0.999898 1.09953
0.0477993 0.998843 0.0052623 90.2355 -0.998783 0.047731 0.0124056 -29.4652 0.0121401 -0.00584888 0.999909 1.12291
0.0387614 0.999233 0.00561907 90.2778 -0.999165 0.0386848 0.0131596 -30.279 0.0129321 -0.00612447 0.999898 1.1426
0.028931 0.999566 0.00562874 90.3016 -0.999498 0.0288556 0.0130539 -31.091 0.0128858 -0.00600358 0.999899 1.15912
0.018818 0.999811 0.00493128 90.32 -0.999746 0.0187553 0.0124653 -31.8846 0.0123704 -0.0051646 0.99991 1.18131
0.00802672 0.999951 0.00576662 90.3311 -0.999904 0.00796074 0.0113781 -32.6829 0.0113316 -0.00585739 0.999919 1.2067
-0.00332677 0.99998 0.00543673 90.3266 -0.999939 -0.00338387 0.010535 -33.4721 0.0105531 -0.00540135 0.99993 1.21936
-0.0142796 0.999886 0.00492282 90.3221 -0.999837 -0.0143331 0.0110005 -34.2715 0.0110698 -0.00476494 0.999927 1.24267
-0.0252153 0.999674 0.00400293 90.3082 -0.99962 -0.0252581 0.0110252 -35.049 0.0111227 -0.00372341 0.999931 1.26323
-0.0359946 0.999342 0.00445 90.2829 -0.99928 -0.0360452 0.0118641 -35.8247 0.0120167 -0.00401975 0.99992 1.28238
-0.0460224 0.998932 0.00405408 90.2504 -0.998857 -0.0460706 0.0127216 -36.6043 0.0128948 -0.00346396 0.999911 1.30384
-0.0560043 0.998427 0.0027593 90.2114 -0.99834 -0.0560364 0.0133456 -37.3638 0.0134792 -0.00200731 0.999907 1.31969
-0.0652109 0.997867 0.00293651 90.1675 -0.997777 -0.0652449 0.0135608 -38.1173 0.0137234 -0.00204567 0.999904 1.34042
-0.0745246 0.997216 0.00256071 90.1142 -0.997123 -0.0745529 0.0137209 -38.8661 0.0138736 -0.0015308 0.999903 1.36036
-0.083288 0.996525 0.00107215 90.0484 -0.996439 -0.0832947 0.0130477 -39.6095 0.0130916 1.83792e-05 0.999914 1.38205
-0.0905039 0.995895 0.0014809 89.9804 -0.995824 -0.0905151 0.0119251 -40.3563 0.0120102 -0.000395443 0.999928 1.4008
-0.0956042 0.995419 -0.00115218 89.9141 -0.995368 -0.0955874 0.0102745 -41.0734 0.0101173 0.00212913 0.999947 1.41946
-0.0996673 0.995017 -0.00267157 89.8399 -0.994987 -0.0996414 0.00849765 -41.7981 0.00818911 0.00350511 0.99996 1.43746
-0.102602 0.994712 -0.004573 89.7682 -0.994699 -0.102567 0.00728502 -42.5083 0.00677746 0.00529622 0.999963 1.45307
-0.104357 0.994515 -0.0069681 89.6936 -0.994523 -0.104312 0.00656976 -43.1911 0.00580687 0.00761553 0.999954 1.46844
-0.104812 0.994474 -0.00590855 89.6283 -0.994472 -0.10477 0.00699379 -43.8707 0.0063361 0.00660892 0.999958 1.4806
-0.103996 0.99455 -0.0074587 89.5561 -0.994552 -0.103936 0.00801106 -44.5309 0.00719216 0.00825118 0.99994 1.49527
-0.10087 0.994865 -0.00832239 89.4897 -0.994865 -0.100793 0.00921949 -45.1772 0.0083333 0.00920962 0.999923 1.51069
-0.0957987 0.995363 -0.00862707 89.4292 -0.995359 -0.0957123 0.00992534 -45.7985 0.0090536 0.00953787 0.999914 1.52525
-0.0878655 0.9961 -0.00800332 89.3704 -0.996085 -0.0877799 0.0104814 -46.4123 0.009738 0.00889294 0.999913 1.53809
-0.0769025 0.997022 -0.00568245 89.3339 -0.996987 -0.0768394 0.0105872 -47.009 0.010119 0.00647952 0.999928 1.55016
-0.0630746 0.997995 -0.00522288 89.3036 -0.997952 -0.0630143 0.011022 -47.5791 0.0106708 0.00590739 0.999926 1.56953
-0.0458515 0.998936 -0.00491007 89.2849 -0.998874 -0.0457878 0.0123839 -48.1343 0.0121459 0.00547237 0.999911 1.58237
-0.0249521 0.99968 -0.00415074 89.2874 -0.999574 -0.0248861 0.0152374 -48.6764 0.0151292 0.00452917 0.999875 1.59764
-0.000359535 0.999997 -0.00244063 89.3033 -0.999834 -0.000314951 0.0182257 -49.2197 0.0182248 0.00244678 0.999831 1.61753
0.0275089 0.999621 -0.00128179 89.3347 -0.999421 0.0275291 0.0200151 -49.7566 0.0200428 0.000730458 0.999799 1.63265
0.0603529 0.998177 1.27964e-06 89.3921 -0.997972 0.0603405 0.0202691 -50.2926 0.0202321 -0.00122458 0.999795 1.6457
0.0981029 0.995176 -1.00033e-05 89.4671 -0.994996 0.0980854 0.0190105 -50.8308 0.0189198 -0.00185503 0.999819 1.65043
0.139638 0.990202 0.00049202 89.5734 -0.990081 0.139613 0.0157732 -51.3482 0.01555 -0.00268968 0.999875 1.6637
0.184536 0.982821 0.00307792 89.7014 -0.982758 0.184486 0.0122861 -51.8633 0.0115072 -0.00529209 0.99992 1.67384
0.283368 0.958959 0.0100178 90.0436 -0.959001 0.2833 0.00767144 -52.861 0.00451855 -0.0117809 0.99992 1.71123
0.337263 0.941351 0.010557 90.251 -0.941404 0.337198 0.0075225 -53.3299 0.00352152 -0.0124755 0.999916 1.71354
0.394578 0.918833 0.00734561 90.4864 -0.918852 0.394523 0.00797673 -53.7771 0.00443127 -0.00989697 0.999941 1.72985
0.513315 0.858199 -0.00127975 91.0077 -0.858103 0.513279 0.0143063 -54.6116 0.0129346 -0.0062455 0.999897 1.76221
0.571404 0.820667 -0.00176976 91.3139 -0.820508 0.571333 0.0185841 -54.9886 0.0162624 -0.00916691 0.999826 1.77708
0.62696 0.779047 -0.00276569 91.6492 -0.778822 0.626857 0.0220653 -55.336 0.0189236 -0.0116801 0.999753 1.77721
0.679767 0.73341 -0.00521999 91.9923 -0.733136 0.67968 0.0233808 -55.6636 0.0206956 -0.0120665 0.999713 1.77997
0.728789 0.684703 -0.00693763 92.3532 -0.684436 0.728732 0.0222995 -55.9703 0.0203242 -0.0115032 0.999727 1.78176
0.774011 0.633159 -0.00401693 92.7357 -0.632982 0.773919 0.0195433 -56.2524 0.0154828 -0.0125841 0.999801 1.80009
0.851791 0.523859 0.00493105 93.5555 -0.523877 0.851705 0.0123302 -56.7147 0.00225947 -0.013086 0.999912 1.81618
0.882796 0.469657 0.0096885 93.9715 -0.46974 0.882749 0.00991603 -56.9062 -0.00389538 -0.0133049 0.999904 1.81184
0.928539 0.370722 0.0195178 94.8341 -0.370968 0.928582 0.0108545 -57.2204 -0.0140998 -0.0173193 0.999751 1.84316
0.943778 0.329764 0.023238 95.2684 -0.33015 0.943804 0.0153371 -57.3377 -0.0168745 -0.0221468 0.999612 1.84322
0.955493 0.294124 0.0229104 95.7192 -0.294574 0.955427 0.0196252 -57.4521 -0.016117 -0.0255005 0.999545 1.84091
0.964528 0.263127 0.0212222 96.1795 -0.263579 0.964379 0.0223659 -57.5491 -0.0145812 -0.0271663 0.999525 1.80742
0.970289 0.241149 0.0196706 96.6386 -0.241498 0.970236 0.0178917 -57.6631 -0.0147706 -0.0221105 0.999646 1.80686
0.974079 0.225384 0.0192699 97.112 -0.225689 0.974077 0.0154172 -57.7646 -0.0152956 -0.0193666 0.999695 1.80667
0.976924 0.212661 0.0198877 97.6061 -0.213027 0.976871 0.0185128 -57.8492 -0.0154907 -0.0223222 0.999631 1.81348
0.978883 0.203312 0.0212874 98.1151 -0.203795 0.978726 0.0237377 -57.9285 -0.0160083 -0.0275747 0.999492 1.80234
0.980114 0.197309 0.0211317 98.6354 -0.19789 0.979756 0.030308 -58.0103 -0.0147238 -0.033887 0.999317 1.80036
0.980706 0.194616 0.0184465 99.1574 -0.195174 0.980111 0.0358987 -58.0916 -0.0110932 -0.0388063 0.999185 1.79038
0.980836 0.194191 0.0158112 99.6969 -0.194666 0.980123 0.0382505 -58.1858 -0.00806901 -0.0405954 0.999143 1.78355
0.980394 0.196696 0.0117641 100.238 -0.196994 0.979771 0.0352322 -58.295 -0.00459611 -0.0368589 0.99931 1.78079
0.979567 0.201057 0.00503026 100.795 -0.201112 0.979008 0.033124 -58.4122 0.00173514 -0.0334588 0.999439 1.78464
0.978697 0.205304 0.00140181 101.376 -0.20522 0.978051 0.0360793 -58.5365 0.00603619 -0.0355984 0.999348 1.78547
0.97653 0.215223 0.00825256 102.561 -0.215375 0.975488 0.0451296 -58.7672 0.00166266 -0.0458478 0.998947 1.78471
0.975461 0.219845 0.0120168 103.162 -0.220161 0.974525 0.0427892 -58.8999 -0.0023037 -0.0443849 0.999012 1.78224
0.973625 0.227159 0.0212862 104.422 -0.227819 0.973007 0.0368112 -59.1892 -0.0123496 -0.0406897 0.999095 1.77761
0.972969 0.230024 0.0204828 105.065 -0.230584 0.972549 0.0312844 -59.3519 -0.0127244 -0.0351618 0.999301 1.7728
0.973007 0.230572 0.0097014 106.371 -0.230751 0.972658 0.0262769 -59.6667 -0.00337741 -0.0278063 0.999608 1.77648
0.973278 0.229597 0.00379865 107.034 -0.229607 0.972829 0.0297328 -59.8247 0.00313113 -0.0298105 0.999551 1.77516
0.973888 0.227027 0.000921281 107.726 -0.226935 0.973359 0.0327627 -59.9778 0.00654128 -0.0321163 0.999463 1.78681
0.974764 0.222899 0.0122585 109.137 -0.223188 0.974222 0.0328456 -60.2973 -0.00462124 -0.0347527 0.999385 1.77897
0.975302 0.220146 0.0179237 109.867 -0.220628 0.974834 0.031978 -60.4582 -0.0104328 -0.0351427 0.999328 1.78314
0.976228 0.216271 0.0143409 111.347 -0.216667 0.975519 0.0376614 -60.7561 -0.00584477 -0.0398734 0.999188 1.78621
0.977007 0.213014 0.00907278 112.097 -0.213206 0.976224 0.0391085 -60.9122 -0.000526431 -0.0401436 0.999194 1.78649
0.977916 0.20891 0.00610123 112.86 -0.208988 0.977135 0.0391442 -61.0792 0.0022159 -0.0395548 0.999215 1.78008
0.979389 0.201821 0.00810476 114.439 -0.201982 0.978768 0.0348815 -61.4025 -0.000892865 -0.0357996 0.999359 1.7832
0.9798 0.19971 0.010361 115.24 -0.199948 0.979249 0.0330482 -61.5698 -0.00354598 -0.0344523 0.9994 1.78927
0.980194 0.197639 0.0125938 116.845 -0.197898 0.979917 0.0244897 -61.9077 -0.00750073 -0.026497 0.999621 1.79175
0.980265 0.197162 0.0143969 117.669 -0.197479 0.979975 0.0255291 -62.0658 -0.00907517 -0.0278684 0.99957 1.78704
0.98023 0.197393 0.0136099 118.489 -0.197706 0.979864 0.0279067 -62.2234 -0.0078273 -0.0300458 0.999518 1.79689
0.979941 0.198913 0.0122519 120.155 -0.199262 0.978979 0.0435249 -62.5278 -0.00333672 -0.0450932 0.998977 1.79361
0.979388 0.201454 0.0146669 120.991 -0.201947 0.978062 0.0511122 -62.6859 -0.00404835 -0.0530206 0.998585 1.79854
0.978194 0.207103 0.0156216 122.69 -0.207646 0.976776 0.0528442 -63.0168 -0.0043146 -0.0549357 0.998481 1.79256
0.97784 0.208918 0.0135305 123.523 -0.20934 0.97651 0.0510458 -63.1883 -0.00254828 -0.0527471 0.998605 1.78987
0.977537 0.210402 0.0123386 124.374 -0.210746 0.976534 0.0443547 -63.3768 -0.00271677 -0.0459586 0.99894 1.79204
0.977239 0.211893 0.0102687 126.047 -0.21213 0.976549 0.0367829 -63.7507 -0.0022338 -0.038124 0.99927 1.82926
0.97694 0.213081 0.0135862 126.896 -0.213459 0.976153 0.0395135 -63.9337 -0.00484258 -0.0415024 0.999127 1.83316
0.976613 0.214067 0.0200498 127.75 -0.21474 0.975779 0.0417281 -64.108 -0.0106315 -0.0450577 0.998928 1.83066
0.976176 0.216272 0.017527 129.421 -0.216852 0.975192 0.044442 -64.4606 -0.00748063 -0.047184 0.998858 1.81097
0.976203 0.216846 0.00231734 130.235 -0.216758 0.975371 0.0408338 -64.6505 0.00659438 -0.0403644 0.999163 1.81219
0.976559 0.215231 0.00275746 131.884 -0.215183 0.975868 0.0371234 -65.0161 0.00529917 -0.0368465 0.999307 1.85728
0.976616 0.213882 0.0217941 132.741 -0.214504 0.976201 0.031932 -65.2047 -0.0144457 -0.0358602 0.999252 1.85356
0.97649 0.212625 0.0354514 133.572 -0.213564 0.976604 0.025182 -65.3894 -0.0292677 -0.0321612 0.999054 1.85243
0.976849 0.211786 0.0302113 134.385 -0.212592 0.976781 0.0265153 -65.5603 -0.0238942 -0.0323241 0.999192 1.84246
0.9777 0.209834 0.00849958 135.993 -0.210006 0.976974 0.0376825 -65.8834 -0.000396803 -0.0386271 0.999254 1.83117
0.97809 0.208048 0.00754875 136.817 -0.208185 0.977439 0.0356683 -66.0532 4.22809e-05 -0.0364583 0.999335 1.84535
0.978642 0.205369 0.00907751 137.637 -0.205561 0.978056 0.0339285 -66.2237 -0.00191044 -0.0350699 0.999383 1.86379
0.980375 0.197036 0.00649307 139.253 -0.197143 0.979774 0.0343184 -66.5457 0.000400239 -0.034925 0.99939 1.88257
0.981033 0.19371 0.00712465 140.068 -0.193841 0.980269 0.0387013 -66.7014 0.000512776 -0.0393483 0.999225 1.89349
0.981472 0.191444 0.00788011 140.872 -0.191605 0.9805 0.0436775 -66.8411 0.000635341 -0.0443781 0.999015 1.89632
0.981764 0.189823 0.010318 141.678 -0.190099 0.980685 0.0460356 -66.9886 -0.00138003 -0.0471575 0.998887 1.90237
0.982011 0.188299 0.0140699 142.484 -0.188749 0.980993 0.045025 -67.1451 -0.00532426 -0.0468707 0.998887 1.90009
0.982277 0.186888 0.014304 143.287 -0.187338 0.981357 0.0429337 -67.2968 -0.00601354 -0.0448525 0.998976 1.90903
0.982754 0.184588 0.0110377 144.095 -0.184888 0.981924 0.0405295 -67.4417 -0.00335689 -0.0418712 0.999117 1.91716
0.983608 0.180192 0.00671531 144.898 -0.180317 0.982883 0.03778 -67.5896 0.00020732 -0.0383716 0.999264 1.92613
0.98474 0.173958 0.00515276 145.702 -0.174031 0.984115 0.0350777 -67.7238 0.00103114 -0.0354391 0.999371 1.93612
0.985862 0.167287 0.00952639 146.492 -0.167524 0.985218 0.0357994 -67.8659 -0.00339678 -0.0368892 0.999314 1.93063
0.98676 0.161314 0.0167903 147.291 -0.161793 0.986283 0.0326942 -67.9936 -0.011286 -0.0349779 0.999324 1.92914
0.987248 0.157051 0.0260153 148.104 -0.157849 0.98694 0.0321305 -68.126 -0.0206295 -0.0358272 0.999145 1.93469
0.987814 0.152762 0.0298002 148.903 -0.153769 0.987484 0.0350772 -68.237 -0.0240687 -0.0392321 0.99894 1.93736
0.988599 0.148378 0.0256297 149.707 -0.14926 0.988111 0.0368456 -68.3489 -0.019858 -0.040251 0.998992 1.92765
0.990756 0.135314 0.0096365 151.295 -0.135565 0.990193 0.0337563 -68.5616 -0.00497431 -0.0347506 0.999384 1.91954
0.99164 0.128656 0.00988415 152.106 -0.128925 0.991043 0.0348141 -68.6678 -0.00531658 -0.0357974 0.999345 1.92061
0.992562 0.120988 0.0134827 152.929 -0.121448 0.991744 0.041165 -68.7508 -0.00839088 -0.0424962 0.999061 1.91964
0.99352 0.112978 0.0124235 153.754 -0.113431 0.992506 0.045452 -68.8263 -0.00719529 -0.0465667 0.998889 1.91924
0.99463 0.103213 0.00764161 154.569 -0.103459 0.993519 0.0470832 -68.8966 -0.00273248 -0.047621 0.998862 1.9254
0.995483 0.0948187 0.00475336 155.392 -0.0949374 0.994379 0.0468857 -68.9743 -0.000281005 -0.0471252 0.998889 1.92455
0.996217 0.0866667 0.00638223 156.223 -0.0868722 0.995096 0.0472947 -69.0405 -0.00225206 -0.0476702 0.998861 1.92679
0.996833 0.078522 0.0125511 157.056 -0.0790532 0.99563 0.0497103 -69.0948 -0.00859287 -0.0505451 0.998685 1.92023
0.997367 0.0701539 0.0183561 157.896 -0.0710138 0.996152 0.0513726 -69.1406 -0.0146815 -0.0525409 0.998511 1.92209
0.998184 0.0555693 0.0232468 159.547 -0.0567217 0.997021 0.0522602 -69.2268 -0.0202735 -0.0534839 0.998363 1.912
0.99845 0.051194 0.0218459 160.361 -0.0522676 0.997289 0.051789 -69.2691 -0.0191353 -0.0528505 0.998419 1.90668
0.99876 0.0467302 0.017156 161.2 -0.0476146 0.997329 0.0553837 -69.2885 -0.014522 -0.0561319 0.998318 1.91246
0.999019 0.0429534 0.0107408 162.013 -0.0435265 0.997218 0.060514 -69.3132 -0.00811163 -0.0609222 0.99811 1.9078
0.999167 0.0399739 0.00823102 162.838 -0.0404155 0.997178 0.0632683 -69.335 -0.00567871 -0.0635483 0.997963 1.90018
0.999226 0.0369165 0.013569 163.673 -0.0377241 0.997167 0.0650711 -69.3585 -0.0111283 -0.0655326 0.997788 1.89797
0.999068 0.0304587 0.0305938 165.354 -0.0324882 0.997143 0.0681912 -69.3996 -0.0284293 -0.0691216 0.997203 1.87568
0.999298 0.0257494 0.027218 166.154 -0.0273989 0.997695 0.0620771 -69.4275 -0.0255568 -0.0627792 0.9977 1.85475
0.99982 0.0143378 0.0124454 167.796 -0.0149426 0.99864 0.0499406 -69.466 -0.0117125 -0.0501175 0.998675 1.8545
0.999886 0.00727005 0.0132492 168.617 -0.00800468 0.998384 0.0562641 -69.4618 -0.0128188 -0.0563637 0.998328 1.84482
0.999836 -0.000863416 0.0181009 169.457 -0.000147003 0.998445 0.0557461 -69.4587 -0.0181208 -0.0557396 0.998281 1.82543
0.99957 -0.0139081 0.0258064 171.129 0.0128082 0.999023 0.0423071 -69.4559 -0.0263696 -0.0419584 0.998771 1.79784
0.999465 -0.0198262 0.0259994 171.963 0.0188974 0.999191 0.0354962 -69.4465 -0.0266821 -0.0349859 0.999032 1.79932
0.999453 -0.0259759 0.0204822 172.812 0.0253782 0.99926 0.0289176 -69.4286 -0.0212182 -0.028382 0.999372 1.80907
0.999393 -0.0330453 0.0110261 173.623 0.0328063 0.999237 0.0211973 -69.4062 -0.0117181 -0.0208228 0.999714 1.79716
0.999192 -0.0395788 0.00703674 174.468 0.0394513 0.99907 0.0174165 -69.3996 -0.00771952 -0.0171248 0.999824 1.78811
0.998842 -0.0463386 0.0129368 175.32 0.0460188 0.998652 0.024006 -69.3449 -0.0140317 -0.0233829 0.999628 1.78203
0.998375 -0.0514587 0.0244672 176.165 0.0506399 0.998172 0.0329833 -69.2798 -0.0261198 -0.0316907 0.999156 1.76162
0.997911 -0.0560514 0.0321121 177.021 0.0548708 0.997825 0.0365383 -69.2254 -0.0340902 -0.0347 0.998816 1.75282
0.997751 -0.0595579 0.03077 177.861 0.0585385 0.997738 0.033032 -69.1692 -0.0326678 -0.0311564 0.998981 1.74027
0.997879 -0.0615811 0.0211025 178.705 0.0608775 0.997616 0.0325001 -69.1173 -0.0230535 -0.0311465 0.999249 1.74808
0.997864 -0.0643195 0.011405 179.533 0.0637959 0.9971 0.0414998 -69.0377 -0.0140412 -0.0406836 0.999073 1.73455
0.997768 -0.0663983 0.00709728 180.378 0.0660403 0.996917 0.0423606 -68.9668 -0.00988808 -0.0417974 0.999077 1.71542
0.997591 -0.0684138 0.0114887 181.234 0.0679125 0.99691 0.0394759 -68.9138 -0.0141539 -0.0386005 0.999154 1.70303
0.997457 -0.0686553 0.0191244 182.087 0.0678933 0.996969 0.0379872 -68.8568 -0.0216745 -0.0365922 0.999095 1.68418
0.9973 -0.0690473 0.024997 182.948 0.0680314 0.996904 0.0394337 -68.7964 -0.0276424 -0.0376266 0.998909 1.66955
0.997182 -0.0707192 0.0250465 183.801 0.0697855 0.996899 0.0363727 -68.727 -0.0275411 -0.0345223 0.999024 1.66408
0.997234 -0.0723299 0.017132 184.646 0.0717876 0.996957 0.0304018 -68.6608 -0.0192788 -0.0290878 0.999391 1.6585
0.997227 -0.0741077 0.00677425 185.48 0.0739447 0.997024 0.0217813 -68.6165 -0.00836826 -0.02122 0.99974 1.65341
0.997103 -0.0759976 0.00306391 186.341 0.0759409 0.99699 0.0156387 -68.5596 -0.0042432 -0.0153608 0.999873 1.65502
0.996989 -0.0772379 0.00690811 187.196 0.0770546 0.996745 0.0237218 -68.4803 -0.00871784 -0.0231181 0.999695 1.65081
0.996795 -0.0784606 0.0156184 188.052 0.0779777 0.99652 0.0294412 -68.4096 -0.017874 -0.028129 0.999444 1.63285
0.99659 -0.0800498 0.0200161 188.912 0.0795042 0.996477 0.0267097 -68.3353 -0.0220837 -0.0250273 0.999443 1.63642
0.996587 -0.0807367 0.0171838 189.746 0.080311 0.996477 0.0241689 -68.2661 -0.0190745 -0.0227064 0.99956 1.63911
0.996688 -0.0804844 0.0116163 190.584 0.0801756 0.996468 0.024964 -68.1949 -0.0135845 -0.02395 0.999621 1.63879
0.996665 -0.0809775 0.0100782 191.425 0.0805848 0.996145 0.0346594 -68.1082 -0.0128459 -0.0337317 0.999348 1.62814
0.996611 -0.0813002 0.012527 192.261 0.0807726 0.996006 0.038048 -68.0319 -0.0155703 -0.0369073 0.999197 1.62292
0.996503 -0.0821749 0.0151345 193.1 0.0814502 0.995727 0.0435045 -67.9538 -0.0186448 -0.0421197 0.998939 1.61636
0.996396 -0.0830527 0.0172135 194.761 0.0821612 0.995498 0.047264 -67.8014 -0.0210614 -0.0456794 0.998734 1.59488
0.996396 -0.083634 0.0141792 195.581 0.0829204 0.995536 0.0450757 -67.7326 -0.0178857 -0.0437375 0.998883 1.59987
0.996364 -0.0846838 0.00934539 196.397 0.0841735 0.995403 0.0456969 -67.6556 -0.0131722 -0.0447442 0.998912 1.6019
0.996257 -0.0858832 0.00975243 197.21 0.0853122 0.995164 0.048696 -67.5782 -0.0138874 -0.0476818 0.998766 1.60336
0.995964 -0.0879318 0.0180034 198.024 0.086932 0.994942 0.0503215 -67.5035 -0.0223372 -0.0485533 0.998571 1.5855
0.995595 -0.0897024 0.0272675 198.811 0.0883492 0.994964 0.0473323 -67.4334 -0.031376 -0.0447148 0.998507 1.57832
0.995488 -0.0902743 0.0292167 199.576 0.0891066 0.995256 0.0390666 -67.3797 -0.0326048 -0.036287 0.998809 1.56094
0.99558 -0.0907573 0.0241414 200.325 0.0898653 0.995311 0.0357762 -67.3108 -0.0272751 -0.0334486 0.999068 1.5706
0.995773 -0.0898857 0.0188893 201.047 0.0891763 0.995382 0.0355328 -67.2402 -0.021996 -0.0336982 0.99919 1.56054
0.995938 -0.0890177 0.0135533 201.767 0.0884715 0.995405 0.0366354 -67.1653 -0.0167522 -0.0352875 0.999237 1.56286
0.996058 -0.0881975 0.0095062 202.466 0.0878464 0.995602 0.0325527 -67.1013 -0.0123355 -0.0315893 0.999425 1.55818
0.996329 -0.0853991 0.00601641 203.136 0.0851822 0.995913 0.0300249 -67.0408 -0.00855592 -0.0294022 0.999531 1.57057
0.996716 -0.0808068 0.00522423 203.803 0.0806225 0.996321 0.029045 -66.9843 -0.00755204 -0.0285284 0.999564 1.57833
0.997089 -0.0755492 0.0102944 204.475 0.0751961 0.99668 0.0312007 -66.9143 -0.0126174 -0.0303358 0.99946 1.58748
0.997414 -0.0692487 0.0192471 205.151 0.0685469 0.997034 0.0350003 -66.8569 -0.0216137 -0.0335905 0.999202 1.58525
0.997716 -0.0635083 0.0230244 205.822 0.0625757 0.997271 0.0391876 -66.7958 -0.0254503 -0.0376573 0.998967 1.57845
0.998137 -0.0572819 0.0209871 206.468 0.0564141 0.997612 0.0398388 -66.7525 -0.023219 -0.0385807 0.998986 1.55477
0.998665 -0.0499536 0.0131506 207.115 0.0494312 0.998076 0.037434 -66.7196 -0.0149953 -0.036734 0.999213 1.5466
0.999077 -0.042654 0.00498615 207.761 0.0424404 0.99841 0.0370929 -66.6985 -0.00656039 -0.0368471 0.999299 1.55464
0.99937 -0.0355004 0.000593432 208.407 0.0354469 0.998545 0.040648 -66.6625 -0.00203559 -0.0406013 0.999173 1.56286
0.999603 -0.0280693 0.00224123 209.054 0.0279499 0.998719 0.042183 -66.6403 -0.00342241 -0.0421036 0.999107 1.56421
0.999722 -0.0222146 0.00796324 209.699 0.0218844 0.998984 0.0394004 -66.6306 -0.00883042 -0.0392152 0.999192 1.56887
0.999829 -0.0103129 0.0153455 210.995 0.0098908 0.999577 0.0273325 -66.6436 -0.0156209 -0.0271761 0.999509 1.56199
0.999839 -0.006965 0.0165088 211.636 0.00649744 0.999581 0.0282079 -66.6406 -0.0166983 -0.0280961 0.999466 1.56508
0.999824 -0.00608867 0.0177308 212.286 0.00554458 0.999517 0.0305751 -66.6336 -0.0179084 -0.0304714 0.999375 1.55556
0.999787 -0.00625565 0.0196516 212.936 0.00561572 0.999458 0.0324519 -66.63 -0.019844 -0.0323346 0.99928 1.5437
0.99972 -0.00725914 0.0225358 213.586 0.00654683 0.999482 0.0315225 -66.6224 -0.0227529 -0.0313661 0.999249 1.53981
0.999693 -0.00710736 0.0237534 214.234 0.00627601 0.999371 0.0348923 -66.6126 -0.0239865 -0.0347325 0.999109 1.52077
0.999802 -0.0074509 0.0184595 214.891 0.00664936 0.999048 0.0431084 -66.5924 -0.0187631 -0.0429771 0.9989 1.50974
0.999919 -0.00838415 0.00961639 215.533 0.00792305 0.998862 0.0470238 -66.5736 -0.0099997 -0.0469437 0.998847 1.49869
0.999945 -0.0103463 0.00147713 216.191 0.0102717 0.998989 0.0437729 -66.5673 -0.00192853 -0.0437553 0.99904 1.50314
0.999901 -0.0139232 -0.00202009 216.857 0.0139881 0.999225 0.0368012 -66.569 0.00150614 -0.0368258 0.999321 1.51403
0.999637 -0.0222695 0.0151786 218.229 0.0215248 0.998636 0.0475755 -66.5169 -0.0162174 -0.0472315 0.998752 1.50151
0.99923 -0.0268118 0.0286546 218.935 0.02558 0.998768 0.0425222 -66.4935 -0.0297594 -0.0417565 0.998685 1.48175
0.998793 -0.0310245 0.0380807 219.617 0.0296626 0.998918 0.0358214 -66.4859 -0.0391509 -0.0346486 0.998632 1.47563
0.998763 -0.0336895 0.0365665 220.282 0.0323667 0.998821 0.0361824 -66.4627 -0.0377424 -0.0349541 0.998676 1.46681
0.998871 -0.0362984 0.0306433 220.961 0.0350524 0.998574 0.0402636 -66.4283 -0.0320611 -0.039144 0.998719 1.45151
0.998969 -0.0416278 0.0181185 222.337 0.0411202 0.998775 0.0275395 -66.3784 -0.0192427 -0.0267661 0.999457 1.42558
0.998833 -0.0425628 0.0228308 223.031 0.0421093 0.998913 0.0199877 -66.3662 -0.0236568 -0.019003 0.999539 1.40437
0.998651 -0.0441184 0.0273857 223.753 0.0437484 0.998945 0.0139656 -66.3538 -0.027973 -0.0127487 0.999527 1.40217
